on0: true
on1: false
on2: false
on3: false
texture: false
twoSide: false
modelLocal: false
changeView: true
rotX: -430
rotY: 605
rotZ: 0
transX: 151.370071
transY: 182.413513
transZ: -294.8909
speedX: 0.0201635584
speedY: -0.0164304096
speedZ: -0.0198787507
vertNum: 4
spinAngle: 35
layers: 5