on0: true
on1: false
on2: false
on3: false
texture: true
twoSide: false
modelLocal: false
changeView: false
rotX: -38.0999908
rotY: -7.59999514
rotZ: 0
transX: 1.50840747
transY: 0.0909419283
transZ: -0.0556862727
speedX: 0.000201635543
speedY: 0.000134430622
speedZ: 0.000179981493
vertNum: 7
spinAngle: -815
layers: 5